0.000 0.000 1.000
0.010 0.000 1.000
0.030 0.000 1.000
0.050 0.000 1.000
0.070 0.000 1.000
0.090 0.000 1.000
0.110 0.000 1.000
0.130 0.000 1.000
0.150 0.000 1.000
0.170 0.000 1.000
0.190 0.000 1.000
0.210 0.000 1.000
0.230 0.000 1.000
0.250 0.000 1.000
0.270 0.000 1.000
0.290 0.000 1.000
0.310 0.000 1.000
0.330 0.000 1.000
0.350 0.000 1.000
0.370 0.000 1.000
0.390 0.000 1.000
0.410 0.000 1.000
0.430 0.000 1.000
0.450 0.000 1.000
0.470 0.000 1.000
0.490 0.000 1.000
0.510 0.000 1.000
0.530 0.000 1.000
0.550 0.000 1.000
0.570 0.000 1.000
0.590 0.000 1.000
0.610 0.000 1.000
0.630 0.000 1.000
0.650 0.000 1.000
0.670 0.000 1.000
0.690 0.000 1.000
0.710 0.000 1.000
0.730 0.000 1.000
0.750 0.000 1.000
0.770 0.000 1.000
0.790 0.000 1.000
0.810 0.000 1.000
0.830 0.000 1.000
0.850 0.000 1.000
0.870 0.000 1.000
0.890 0.000 1.000
0.910 0.000 1.000
0.930 0.000 1.000
0.950 0.000 1.000
0.970 0.000 1.000
0.990 0.000 1.000
1.000 0.000 1.000
0.000 0.010 1.000
0.010 0.010 0.999
0.030 0.010 0.998
0.050 0.010 0.997
0.070 0.010 0.996
0.090 0.010 0.995
0.110 0.010 0.995
0.130 0.010 0.994
0.150 0.010 0.993
0.170 0.010 0.992
0.190 0.010 0.991
0.210 0.010 0.990
0.230 0.010 0.989
0.250 0.010 0.988
0.270 0.010 0.987
0.290 0.010 0.986
0.310 0.010 0.985
0.330 0.010 0.985
0.350 0.010 0.984
0.370 0.010 0.983
0.390 0.010 0.982
0.410 0.010 0.981
0.430 0.010 0.980
0.450 0.010 0.979
0.470 0.010 0.977
0.490 0.010 0.976
0.510 0.010 0.975
0.530 0.010 0.974
0.550 0.010 0.973
0.570 0.010 0.971
0.590 0.010 0.970
0.610 0.010 0.968
0.630 0.010 0.966
0.650 0.010 0.964
0.670 0.010 0.962
0.690 0.010 0.960
0.710 0.010 0.957
0.730 0.010 0.954
0.750 0.010 0.950
0.770 0.010 0.946
0.790 0.010 0.942
0.810 0.010 0.936
0.830 0.010 0.929
0.850 0.010 0.920
0.870 0.010 0.909
0.890 0.010 0.894
0.910 0.010 0.873
0.930 0.010 0.841
0.950 0.010 0.790
0.970 0.010 0.698
0.990 0.010 0.500
1.000 0.010 0.000
0.000 0.030 1.000
0.010 0.030 0.998
0.030 0.030 0.996
0.050 0.030 0.995
0.070 0.030 0.993
0.090 0.030 0.991
0.110 0.030 0.989
0.130 0.030 0.987
0.150 0.030 0.985
0.170 0.030 0.984
0.190 0.030 0.982
0.210 0.030 0.980
0.230 0.030 0.978
0.250 0.030 0.976
0.270 0.030 0.975
0.290 0.030 0.973
0.310 0.030 0.971
0.330 0.030 0.969
0.350 0.030 0.967
0.370 0.030 0.965
0.390 0.030 0.963
0.410 0.030 0.961
0.430 0.030 0.959
0.450 0.030 0.957
0.470 0.030 0.955
0.490 0.030 0.953
0.510 0.030 0.950
0.530 0.030 0.948
0.550 0.030 0.945
0.570 0.030 0.942
0.590 0.030 0.939
0.610 0.030 0.936
0.630 0.030 0.933
0.650 0.030 0.929
0.670 0.030 0.925
0.690 0.030 0.920
0.710 0.030 0.914
0.730 0.030 0.908
0.750 0.030 0.902
0.770 0.030 0.894
0.790 0.030 0.884
0.810 0.030 0.873
0.830 0.030 0.859
0.850 0.030 0.842
0.870 0.030 0.821
0.890 0.030 0.793
0.910 0.030 0.755
0.930 0.030 0.702
0.950 0.030 0.623
0.970 0.030 0.500
0.990 0.030 0.302
1.000 0.030 0.000
0.000 0.050 1.000
0.010 0.050 0.997
0.030 0.050 0.995
0.050 0.050 0.992
0.070 0.050 0.989
0.090 0.050 0.986
0.110 0.050 0.984
0.130 0.050 0.981
0.150 0.050 0.978
0.170 0.050 0.975
0.190 0.050 0.973
0.210 0.050 0.970
0.230 0.050 0.967
0.250 0.050 0.965
0.270 0.050 0.962
0.290 0.050 0.959
0.310 0.050 0.956
0.330 0.050 0.954
0.350 0.050 0.951
0.370 0.050 0.948
0.390 0.050 0.945
0.410 0.050 0.942
0.430 0.050 0.939
0.450 0.050 0.936
0.470 0.050 0.933
0.490 0.050 0.929
0.510 0.050 0.926
0.530 0.050 0.922
0.550 0.050 0.918
0.570 0.050 0.914
0.590 0.050 0.909
0.610 0.050 0.905
0.630 0.050 0.899
0.650 0.050 0.894
0.670 0.050 0.887
0.690 0.050 0.880
0.710 0.050 0.873
0.730 0.050 0.864
0.750 0.050 0.854
0.770 0.050 0.842
0.790 0.050 0.828
0.810 0.050 0.812
0.830 0.050 0.793
0.850 0.050 0.769
0.870 0.050 0.740
0.890 0.050 0.703
0.910 0.050 0.654
0.930 0.050 0.589
0.950 0.050 0.499
0.970 0.050 0.376
0.990 0.050 0.209
1.000 0.050 0.000
0.000 0.070 1.000
0.010 0.070 0.996
0.030 0.070 0.993
0.050 0.070 0.989
0.070 0.070 0.985
0.090 0.070 0.982
0.110 0.070 0.978
0.130 0.070 0.975
0.150 0.070 0.971
0.170 0.070 0.967
0.190 0.070 0.964
0.210 0.070 0.960
0.230 0.070 0.957
0.250 0.070 0.953
0.270 0.070 0.949
0.290 0.070 0.946
0.310 0.070 0.942
0.330 0.070 0.938
0.350 0.070 0.934
0.370 0.070 0.931
0.390 0.070 0.927
0.410 0.070 0.923
0.430 0.070 0.919
0.450 0.070 0.915
0.470 0.070 0.910
0.490 0.070 0.906
0.510 0.070 0.901
0.530 0.070 0.896
0.550 0.070 0.891
0.570 0.070 0.886
0.590 0.070 0.880
0.610 0.070 0.873
0.630 0.070 0.867
0.650 0.070 0.859
0.670 0.070 0.851
0.690 0.070 0.842
0.710 0.070 0.832
0.730 0.070 0.820
0.750 0.070 0.807
0.770 0.070 0.793
0.790 0.070 0.775
0.810 0.070 0.755
0.830 0.070 0.731
0.850 0.070 0.702
0.870 0.070 0.667
0.890 0.070 0.623
0.910 0.070 0.569
0.930 0.070 0.499
0.950 0.070 0.410
0.970 0.070 0.297
0.990 0.070 0.158
1.000 0.070 0.000
0.000 0.090 1.000
0.010 0.090 0.995
0.030 0.090 0.991
0.050 0.090 0.986
0.070 0.090 0.982
0.090 0.090 0.977
0.110 0.090 0.973
0.130 0.090 0.968
0.150 0.090 0.964
0.170 0.090 0.959
0.190 0.090 0.955
0.210 0.090 0.950
0.230 0.090 0.946
0.250 0.090 0.941
0.270 0.090 0.937
0.290 0.090 0.932
0.310 0.090 0.928
0.330 0.090 0.923
0.350 0.090 0.918
0.370 0.090 0.914
0.390 0.090 0.909
0.410 0.090 0.904
0.430 0.090 0.899
0.450 0.090 0.894
0.470 0.090 0.888
0.490 0.090 0.883
0.510 0.090 0.877
0.530 0.090 0.871
0.550 0.090 0.865
0.570 0.090 0.858
0.590 0.090 0.851
0.610 0.090 0.843
0.630 0.090 0.835
0.650 0.090 0.825
0.670 0.090 0.815
0.690 0.090 0.804
0.710 0.090 0.792
0.730 0.090 0.779
0.750 0.090 0.763
0.770 0.090 0.745
0.790 0.090 0.725
0.810 0.090 0.702
0.830 0.090 0.674
0.850 0.090 0.641
0.870 0.090 0.603
0.890 0.090 0.555
0.910 0.090 0.498
0.930 0.090 0.429
0.950 0.090 0.344
0.970 0.090 0.243
0.990 0.090 0.127
1.000 0.090 0.000
0.000 0.110 1.000
0.010 0.110 0.995
0.030 0.110 0.989
0.050 0.110 0.984
0.070 0.110 0.978
0.090 0.110 0.973
0.110 0.110 0.967
0.130 0.110 0.962
0.150 0.110 0.956
0.170 0.110 0.951
0.190 0.110 0.946
0.210 0.110 0.940
0.230 0.110 0.935
0.250 0.110 0.930
0.270 0.110 0.924
0.290 0.110 0.919
0.310 0.110 0.913
0.330 0.110 0.908
0.350 0.110 0.902
0.370 0.110 0.896
0.390 0.110 0.891
0.410 0.110 0.885
0.430 0.110 0.879
0.450 0.110 0.873
0.470 0.110 0.867
0.490 0.110 0.860
0.510 0.110 0.853
0.530 0.110 0.846
0.550 0.110 0.838
0.570 0.110 0.831
0.590 0.110 0.822
0.610 0.110 0.813
0.630 0.110 0.803
0.650 0.110 0.793
0.670 0.110 0.781
0.690 0.110 0.768
0.710 0.110 0.754
0.730 0.110 0.739
0.750 0.110 0.721
0.770 0.110 0.701
0.790 0.110 0.678
0.810 0.110 0.652
0.830 0.110 0.622
0.850 0.110 0.587
0.870 0.110 0.546
0.890 0.110 0.498
0.910 0.110 0.441
0.930 0.110 0.373
0.950 0.110 0.295
0.970 0.110 0.205
0.990 0.110 0.106
1.000 0.110 0.000
0.000 0.130 1.000
0.010 0.130 0.994
0.030 0.130 0.987
0.050 0.130 0.981
0.070 0.130 0.975
0.090 0.130 0.968
0.110 0.130 0.962
0.130 0.130 0.956
0.150 0.130 0.949
0.170 0.130 0.943
0.190 0.130 0.937
0.210 0.130 0.930
0.230 0.130 0.924
0.250 0.130 0.918
0.270 0.130 0.912
0.290 0.130 0.905
0.310 0.130 0.899
0.330 0.130 0.893
0.350 0.130 0.886
0.370 0.130 0.880
0.390 0.130 0.873
0.410 0.130 0.866
0.430 0.130 0.859
0.450 0.130 0.852
0.470 0.130 0.845
0.490 0.130 0.837
0.510 0.130 0.830
0.530 0.130 0.821
0.550 0.130 0.813
0.570 0.130 0.804
0.590 0.130 0.794
0.610 0.130 0.784
0.630 0.130 0.773
0.650 0.130 0.761
0.670 0.130 0.748
0.690 0.130 0.734
0.710 0.130 0.718
0.730 0.130 0.700
0.750 0.130 0.681
0.770 0.130 0.659
0.790 0.130 0.635
0.810 0.130 0.607
0.830 0.130 0.575
0.850 0.130 0.539
0.870 0.130 0.497
0.890 0.130 0.449
0.910 0.130 0.393
0.930 0.130 0.329
0.950 0.130 0.257
0.970 0.130 0.177
0.990 0.130 0.090
1.000 0.130 0.000
0.000 0.150 1.000
0.010 0.150 0.993
0.030 0.150 0.985
0.050 0.150 0.978
0.070 0.150 0.971
0.090 0.150 0.964
0.110 0.150 0.956
0.130 0.150 0.949
0.150 0.150 0.942
0.170 0.150 0.935
0.190 0.150 0.928
0.210 0.150 0.921
0.230 0.150 0.913
0.250 0.150 0.906
0.270 0.150 0.899
0.290 0.150 0.892
0.310 0.150 0.885
0.330 0.150 0.878
0.350 0.150 0.870
0.370 0.150 0.863
0.390 0.150 0.855
0.410 0.150 0.848
0.430 0.150 0.840
0.450 0.150 0.832
0.470 0.150 0.824
0.490 0.150 0.815
0.510 0.150 0.807
0.530 0.150 0.797
0.550 0.150 0.788
0.570 0.150 0.778
0.590 0.150 0.767
0.610 0.150 0.755
0.630 0.150 0.743
0.650 0.150 0.730
0.670 0.150 0.716
0.690 0.150 0.700
0.710 0.150 0.683
0.730 0.150 0.664
0.750 0.150 0.644
0.770 0.150 0.621
0.790 0.150 0.595
0.810 0.150 0.566
0.830 0.150 0.533
0.850 0.150 0.496
0.870 0.150 0.454
0.890 0.150 0.407
0.910 0.150 0.353
0.930 0.150 0.294
0.950 0.150 0.227
0.970 0.150 0.155
0.990 0.150 0.079
1.000 0.150 0.000
0.000 0.170 1.000
0.010 0.170 0.992
0.030 0.170 0.984
0.050 0.170 0.975
0.070 0.170 0.967
0.090 0.170 0.959
0.110 0.170 0.951
0.130 0.170 0.943
0.150 0.170 0.935
0.170 0.170 0.927
0.190 0.170 0.919
0.210 0.170 0.911
0.230 0.170 0.903
0.250 0.170 0.895
0.270 0.170 0.887
0.290 0.170 0.879
0.310 0.170 0.871
0.330 0.170 0.863
0.350 0.170 0.854
0.370 0.170 0.846
0.390 0.170 0.838
0.410 0.170 0.829
0.430 0.170 0.821
0.450 0.170 0.812
0.470 0.170 0.803
0.490 0.170 0.794
0.510 0.170 0.784
0.530 0.170 0.774
0.550 0.170 0.763
0.570 0.170 0.752
0.590 0.170 0.740
0.610 0.170 0.728
0.630 0.170 0.715
0.650 0.170 0.701
0.670 0.170 0.685
0.690 0.170 0.668
0.710 0.170 0.650
0.730 0.170 0.630
0.750 0.170 0.609
0.770 0.170 0.585
0.790 0.170 0.558
0.810 0.170 0.528
0.830 0.170 0.495
0.850 0.170 0.458
0.870 0.170 0.417
0.890 0.170 0.371
0.910 0.170 0.320
0.930 0.170 0.264
0.950 0.170 0.203
0.970 0.170 0.138
0.990 0.170 0.070
1.000 0.170 0.000
0.000 0.190 1.000
0.010 0.190 0.991
0.030 0.190 0.982
0.050 0.190 0.973
0.070 0.190 0.964
0.090 0.190 0.955
0.110 0.190 0.946
0.130 0.190 0.937
0.150 0.190 0.928
0.170 0.190 0.919
0.190 0.190 0.910
0.210 0.190 0.901
0.230 0.190 0.892
0.250 0.190 0.883
0.270 0.190 0.875
0.290 0.190 0.866
0.310 0.190 0.857
0.330 0.190 0.848
0.350 0.190 0.839
0.370 0.190 0.830
0.390 0.190 0.821
0.410 0.190 0.811
0.430 0.190 0.802
0.450 0.190 0.792
0.470 0.190 0.782
0.490 0.190 0.772
0.510 0.190 0.762
0.530 0.190 0.751
0.550 0.190 0.739
0.570 0.190 0.727
0.590 0.190 0.715
0.610 0.190 0.701
0.630 0.190 0.687
0.650 0.190 0.672
0.670 0.190 0.656
0.690 0.190 0.638
0.710 0.190 0.619
0.730 0.190 0.599
0.750 0.190 0.576
0.770 0.190 0.551
0.790 0.190 0.524
0.810 0.190 0.494
0.830 0.190 0.461
0.850 0.190 0.424
0.870 0.190 0.384
0.890 0.190 0.340
0.910 0.190 0.292
0.930 0.190 0.240
0.950 0.190 0.184
0.970 0.190 0.125
0.990 0.190 0.063
1.000 0.190 0.000
0.000 0.210 1.000
0.010 0.210 0.990
0.030 0.210 0.980
0.050 0.210 0.970
0.070 0.210 0.960
0.090 0.210 0.950
0.110 0.210 0.940
0.130 0.210 0.930
0.150 0.210 0.921
0.170 0.210 0.911
0.190 0.210 0.901
0.210 0.210 0.891
0.230 0.210 0.882
0.250 0.210 0.872
0.270 0.210 0.862
0.290 0.210 0.853
0.310 0.210 0.843
0.330 0.210 0.833
0.350 0.210 0.823
0.370 0.210 0.814
0.390 0.210 0.804
0.410 0.210 0.794
0.430 0.210 0.783
0.450 0.210 0.773
0.470 0.210 0.762
0.490 0.210 0.751
0.510 0.210 0.740
0.530 0.210 0.728
0.550 0.210 0.716
0.570 0.210 0.703
0.590 0.210 0.690
0.610 0.210 0.676
0.630 0.210 0.661
0.650 0.210 0.645
0.670 0.210 0.628
0.690 0.210 0.610
0.710 0.210 0.590
0.730 0.210 0.569
0.750 0.210 0.545
0.770 0.210 0.520
0.790 0.210 0.493
0.810 0.210 0.463
0.830 0.210 0.430
0.850 0.210 0.395
0.870 0.210 0.356
0.890 0.210 0.313
0.910 0.210 0.268
0.930 0.210 0.219
0.950 0.210 0.167
0.970 0.210 0.113
0.990 0.210 0.057
1.000 0.210 0.000
0.000 0.230 1.000
0.010 0.230 0.989
0.030 0.230 0.978
0.050 0.230 0.967
0.070 0.230 0.957
0.090 0.230 0.946
0.110 0.230 0.935
0.130 0.230 0.924
0.150 0.230 0.913
0.170 0.230 0.903
0.190 0.230 0.892
0.210 0.230 0.882
0.230 0.230 0.871
0.250 0.230 0.861
0.270 0.230 0.850
0.290 0.230 0.840
0.310 0.230 0.829
0.330 0.230 0.819
0.350 0.230 0.808
0.370 0.230 0.798
0.390 0.230 0.787
0.410 0.230 0.776
0.430 0.230 0.765
0.450 0.230 0.754
0.470 0.230 0.743
0.490 0.230 0.731
0.510 0.230 0.719
0.530 0.230 0.706
0.550 0.230 0.694
0.570 0.230 0.680
0.590 0.230 0.666
0.610 0.230 0.651
0.630 0.230 0.636
0.650 0.230 0.619
0.670 0.230 0.601
0.690 0.230 0.582
0.710 0.230 0.562
0.730 0.230 0.541
0.750 0.230 0.517
0.770 0.230 0.492
0.790 0.230 0.464
0.810 0.230 0.435
0.830 0.230 0.403
0.850 0.230 0.368
0.870 0.230 0.330
0.890 0.230 0.290
0.910 0.230 0.247
0.930 0.230 0.201
0.950 0.230 0.153
0.970 0.230 0.103
0.990 0.230 0.052
1.000 0.230 0.000
0.000 0.250 1.000
0.010 0.250 0.988
0.030 0.250 0.976
0.050 0.250 0.965
0.070 0.250 0.953
0.090 0.250 0.941
0.110 0.250 0.930
0.130 0.250 0.918
0.150 0.250 0.906
0.170 0.250 0.895
0.190 0.250 0.883
0.210 0.250 0.872
0.230 0.250 0.861
0.250 0.250 0.849
0.270 0.250 0.838
0.290 0.250 0.827
0.310 0.250 0.816
0.330 0.250 0.804
0.350 0.250 0.793
0.370 0.250 0.782
0.390 0.250 0.770
0.410 0.250 0.759
0.430 0.250 0.747
0.450 0.250 0.735
0.470 0.250 0.723
0.490 0.250 0.711
0.510 0.250 0.698
0.530 0.250 0.685
0.550 0.250 0.672
0.570 0.250 0.657
0.590 0.250 0.643
0.610 0.250 0.627
0.630 0.250 0.611
0.650 0.250 0.594
0.670 0.250 0.576
0.690 0.250 0.557
0.710 0.250 0.536
0.730 0.250 0.514
0.750 0.250 0.491
0.770 0.250 0.465
0.790 0.250 0.438
0.810 0.250 0.409
0.830 0.250 0.378
0.850 0.250 0.344
0.870 0.250 0.308
0.890 0.250 0.270
0.910 0.250 0.229
0.930 0.250 0.186
0.950 0.250 0.142
0.970 0.250 0.095
0.990 0.250 0.048
1.000 0.250 0.000
0.000 0.270 1.000
0.010 0.270 0.987
0.030 0.270 0.975
0.050 0.270 0.962
0.070 0.270 0.949
0.090 0.270 0.937
0.110 0.270 0.924
0.130 0.270 0.912
0.150 0.270 0.899
0.170 0.270 0.887
0.190 0.270 0.875
0.210 0.270 0.862
0.230 0.270 0.850
0.250 0.270 0.838
0.270 0.270 0.826
0.290 0.270 0.814
0.310 0.270 0.802
0.330 0.270 0.790
0.350 0.270 0.778
0.370 0.270 0.766
0.390 0.270 0.754
0.410 0.270 0.742
0.430 0.270 0.729
0.450 0.270 0.717
0.470 0.270 0.704
0.490 0.270 0.691
0.510 0.270 0.678
0.530 0.270 0.664
0.550 0.270 0.650
0.570 0.270 0.636
0.590 0.270 0.620
0.610 0.270 0.605
0.630 0.270 0.588
0.650 0.270 0.570
0.670 0.270 0.552
0.690 0.270 0.532
0.710 0.270 0.512
0.730 0.270 0.490
0.750 0.270 0.466
0.770 0.270 0.441
0.790 0.270 0.414
0.810 0.270 0.386
0.830 0.270 0.355
0.850 0.270 0.323
0.870 0.270 0.288
0.890 0.270 0.252
0.910 0.270 0.213
0.930 0.270 0.173
0.950 0.270 0.131
0.970 0.270 0.088
0.990 0.270 0.044
1.000 0.270 0.000
0.000 0.290 1.000
0.010 0.290 0.986
0.030 0.290 0.973
0.050 0.290 0.959
0.070 0.290 0.946
0.090 0.290 0.932
0.110 0.290 0.919
0.130 0.290 0.905
0.150 0.290 0.892
0.170 0.290 0.879
0.190 0.290 0.866
0.210 0.290 0.853
0.230 0.290 0.840
0.250 0.290 0.827
0.270 0.290 0.814
0.290 0.290 0.801
0.310 0.290 0.789
0.330 0.290 0.776
0.350 0.290 0.763
0.370 0.290 0.750
0.390 0.290 0.738
0.410 0.290 0.725
0.430 0.290 0.712
0.450 0.290 0.699
0.470 0.290 0.686
0.490 0.290 0.672
0.510 0.290 0.658
0.530 0.290 0.644
0.550 0.290 0.629
0.570 0.290 0.614
0.590 0.290 0.599
0.610 0.290 0.582
0.630 0.290 0.565
0.650 0.290 0.548
0.670 0.290 0.529
0.690 0.290 0.509
0.710 0.290 0.488
0.730 0.290 0.466
0.750 0.290 0.443
0.770 0.290 0.418
0.790 0.290 0.392
0.810 0.290 0.364
0.830 0.290 0.334
0.850 0.290 0.303
0.870 0.290 0.270
0.890 0.290 0.235
0.910 0.290 0.199
0.930 0.290 0.161
0.950 0.290 0.122
0.970 0.290 0.082
0.990 0.290 0.041
1.000 0.290 0.000
0.000 0.310 1.000
0.010 0.310 0.985
0.030 0.310 0.971
0.050 0.310 0.956
0.070 0.310 0.942
0.090 0.310 0.928
0.110 0.310 0.913
0.130 0.310 0.899
0.150 0.310 0.885
0.170 0.310 0.871
0.190 0.310 0.857
0.210 0.310 0.843
0.230 0.310 0.829
0.250 0.310 0.816
0.270 0.310 0.802
0.290 0.310 0.789
0.310 0.310 0.775
0.330 0.310 0.762
0.350 0.310 0.748
0.370 0.310 0.735
0.390 0.310 0.722
0.410 0.310 0.708
0.430 0.310 0.695
0.450 0.310 0.681
0.470 0.310 0.667
0.490 0.310 0.653
0.510 0.310 0.639
0.530 0.310 0.624
0.550 0.310 0.609
0.570 0.310 0.594
0.590 0.310 0.578
0.610 0.310 0.561
0.630 0.310 0.544
0.650 0.310 0.526
0.670 0.310 0.507
0.690 0.310 0.487
0.710 0.310 0.467
0.730 0.310 0.445
0.750 0.310 0.422
0.770 0.310 0.397
0.790 0.310 0.371
0.810 0.310 0.344
0.830 0.310 0.316
0.850 0.310 0.285
0.870 0.310 0.254
0.890 0.310 0.221
0.910 0.310 0.186
0.930 0.310 0.151
0.950 0.310 0.114
0.970 0.310 0.077
0.990 0.310 0.038
1.000 0.310 0.000
0.000 0.330 1.000
0.010 0.330 0.985
0.030 0.330 0.969
0.050 0.330 0.954
0.070 0.330 0.938
0.090 0.330 0.923
0.110 0.330 0.908
0.130 0.330 0.893
0.150 0.330 0.878
0.170 0.330 0.863
0.190 0.330 0.848
0.210 0.330 0.833
0.230 0.330 0.819
0.250 0.330 0.804
0.270 0.330 0.790
0.290 0.330 0.776
0.310 0.330 0.762
0.330 0.330 0.748
0.350 0.330 0.734
0.370 0.330 0.720
0.390 0.330 0.706
0.410 0.330 0.692
0.430 0.330 0.678
0.450 0.330 0.664
0.470 0.330 0.649
0.490 0.330 0.635
0.510 0.330 0.620
0.530 0.330 0.605
0.550 0.330 0.590
0.570 0.330 0.574
0.590 0.330 0.558
0.610 0.330 0.541
0.630 0.330 0.523
0.650 0.330 0.505
0.670 0.330 0.486
0.690 0.330 0.467
0.710 0.330 0.446
0.730 0.330 0.424
0.750 0.330 0.401
0.770 0.330 0.377
0.790 0.330 0.352
0.810 0.330 0.326
0.830 0.330 0.298
0.850 0.330 0.269
0.870 0.330 0.239
0.890 0.330 0.208
0.910 0.330 0.175
0.930 0.330 0.141
0.950 0.330 0.107
0.970 0.330 0.072
0.990 0.330 0.036
1.000 0.330 0.000
0.000 0.350 1.000
0.010 0.350 0.984
0.030 0.350 0.967
0.050 0.350 0.951
0.070 0.350 0.934
0.090 0.350 0.918
0.110 0.350 0.902
0.130 0.350 0.886
0.150 0.350 0.870
0.170 0.350 0.854
0.190 0.350 0.839
0.210 0.350 0.823
0.230 0.350 0.808
0.250 0.350 0.793
0.270 0.350 0.778
0.290 0.350 0.763
0.310 0.350 0.748
0.330 0.350 0.734
0.350 0.350 0.719
0.370 0.350 0.705
0.390 0.350 0.690
0.410 0.350 0.676
0.430 0.350 0.661
0.450 0.350 0.647
0.470 0.350 0.632
0.490 0.350 0.617
0.510 0.350 0.602
0.530 0.350 0.586
0.550 0.350 0.571
0.570 0.350 0.555
0.590 0.350 0.538
0.610 0.350 0.521
0.630 0.350 0.504
0.650 0.350 0.485
0.670 0.350 0.467
0.690 0.350 0.447
0.710 0.350 0.426
0.730 0.350 0.405
0.750 0.350 0.383
0.770 0.350 0.359
0.790 0.350 0.335
0.810 0.350 0.309
0.830 0.350 0.282
0.850 0.350 0.255
0.870 0.350 0.226
0.890 0.350 0.196
0.910 0.350 0.165
0.930 0.350 0.133
0.950 0.350 0.100
0.970 0.350 0.067
0.990 0.350 0.034
1.000 0.350 0.000
0.000 0.370 1.000
0.010 0.370 0.983
0.030 0.370 0.965
0.050 0.370 0.948
0.070 0.370 0.931
0.090 0.370 0.914
0.110 0.370 0.896
0.130 0.370 0.880
0.150 0.370 0.863
0.170 0.370 0.846
0.190 0.370 0.830
0.210 0.370 0.814
0.230 0.370 0.798
0.250 0.370 0.782
0.270 0.370 0.766
0.290 0.370 0.750
0.310 0.370 0.735
0.330 0.370 0.720
0.350 0.370 0.705
0.370 0.370 0.690
0.390 0.370 0.675
0.410 0.370 0.660
0.430 0.370 0.645
0.450 0.370 0.630
0.470 0.370 0.614
0.490 0.370 0.599
0.510 0.370 0.584
0.530 0.370 0.568
0.550 0.370 0.552
0.570 0.370 0.536
0.590 0.370 0.519
0.610 0.370 0.502
0.630 0.370 0.485
0.650 0.370 0.466
0.670 0.370 0.448
0.690 0.370 0.428
0.710 0.370 0.408
0.730 0.370 0.387
0.750 0.370 0.365
0.770 0.370 0.342
0.790 0.370 0.318
0.810 0.370 0.293
0.830 0.370 0.268
0.850 0.370 0.241
0.870 0.370 0.213
0.890 0.370 0.185
0.910 0.370 0.155
0.930 0.370 0.125
0.950 0.370 0.094
0.970 0.370 0.063
0.990 0.370 0.032
1.000 0.370 0.000
0.000 0.390 1.000
0.010 0.390 0.982
0.030 0.390 0.963
0.050 0.390 0.945
0.070 0.390 0.927
0.090 0.390 0.909
0.110 0.390 0.891
0.130 0.390 0.873
0.150 0.390 0.855
0.170 0.390 0.838
0.190 0.390 0.821
0.210 0.390 0.804
0.230 0.390 0.787
0.250 0.390 0.770
0.270 0.390 0.754
0.290 0.390 0.738
0.310 0.390 0.722
0.330 0.390 0.706
0.350 0.390 0.690
0.370 0.390 0.675
0.390 0.390 0.659
0.410 0.390 0.644
0.430 0.390 0.628
0.450 0.390 0.613
0.470 0.390 0.597
0.490 0.390 0.582
0.510 0.390 0.566
0.530 0.390 0.550
0.550 0.390 0.534
0.570 0.390 0.518
0.590 0.390 0.501
0.610 0.390 0.484
0.630 0.390 0.466
0.650 0.390 0.448
0.670 0.390 0.429
0.690 0.390 0.410
0.710 0.390 0.390
0.730 0.390 0.369
0.750 0.390 0.348
0.770 0.390 0.326
0.790 0.390 0.303
0.810 0.390 0.279
0.830 0.390 0.254
0.850 0.390 0.228
0.870 0.390 0.202
0.890 0.390 0.175
0.910 0.390 0.147
0.930 0.390 0.118
0.950 0.390 0.089
0.970 0.390 0.060
0.990 0.390 0.030
1.000 0.390 0.000
0.000 0.410 1.000
0.010 0.410 0.981
0.030 0.410 0.961
0.050 0.410 0.942
0.070 0.410 0.923
0.090 0.410 0.904
0.110 0.410 0.885
0.130 0.410 0.866
0.150 0.410 0.848
0.170 0.410 0.829
0.190 0.410 0.811
0.210 0.410 0.794
0.230 0.410 0.776
0.250 0.410 0.759
0.270 0.410 0.742
0.290 0.410 0.725
0.310 0.410 0.708
0.330 0.410 0.692
0.350 0.410 0.676
0.370 0.410 0.660
0.390 0.410 0.644
0.410 0.410 0.628
0.430 0.410 0.612
0.450 0.410 0.596
0.470 0.410 0.581
0.490 0.410 0.565
0.510 0.410 0.549
0.530 0.410 0.533
0.550 0.410 0.516
0.570 0.410 0.500
0.590 0.410 0.483
0.610 0.410 0.466
0.630 0.410 0.448
0.650 0.410 0.431
0.670 0.410 0.412
0.690 0.410 0.393
0.710 0.410 0.373
0.730 0.410 0.353
0.750 0.410 0.332
0.770 0.410 0.310
0.790 0.410 0.288
0.810 0.410 0.265
0.830 0.410 0.241
0.850 0.410 0.217
0.870 0.410 0.191
0.890 0.410 0.165
0.910 0.410 0.139
0.930 0.410 0.112
0.950 0.410 0.084
0.970 0.410 0.056
0.990 0.410 0.028
1.000 0.410 0.000
0.000 0.430 1.000
0.010 0.430 0.980
0.030 0.430 0.959
0.050 0.430 0.939
0.070 0.430 0.919
0.090 0.430 0.899
0.110 0.430 0.879
0.130 0.430 0.859
0.150 0.430 0.840
0.170 0.430 0.821
0.190 0.430 0.802
0.210 0.430 0.783
0.230 0.430 0.765
0.250 0.430 0.747
0.270 0.430 0.729
0.290 0.430 0.712
0.310 0.430 0.695
0.330 0.430 0.678
0.350 0.430 0.661
0.370 0.430 0.645
0.390 0.430 0.628
0.410 0.430 0.612
0.430 0.430 0.596
0.450 0.430 0.580
0.470 0.430 0.564
0.490 0.430 0.548
0.510 0.430 0.532
0.530 0.430 0.516
0.550 0.430 0.499
0.570 0.430 0.483
0.590 0.430 0.466
0.610 0.430 0.449
0.630 0.430 0.431
0.650 0.430 0.414
0.670 0.430 0.395
0.690 0.430 0.377
0.710 0.430 0.357
0.730 0.430 0.337
0.750 0.430 0.317
0.770 0.430 0.296
0.790 0.430 0.274
0.810 0.430 0.252
0.830 0.430 0.229
0.850 0.430 0.206
0.870 0.430 0.181
0.890 0.430 0.157
0.910 0.430 0.131
0.930 0.430 0.106
0.950 0.430 0.080
0.970 0.430 0.053
0.990 0.430 0.027
1.000 0.430 0.000
0.000 0.450 1.000
0.010 0.450 0.979
0.030 0.450 0.957
0.050 0.450 0.936
0.070 0.450 0.915
0.090 0.450 0.894
0.110 0.450 0.873
0.130 0.450 0.852
0.150 0.450 0.832
0.170 0.450 0.812
0.190 0.450 0.792
0.210 0.450 0.773
0.230 0.450 0.754
0.250 0.450 0.735
0.270 0.450 0.717
0.290 0.450 0.699
0.310 0.450 0.681
0.330 0.450 0.664
0.350 0.450 0.647
0.370 0.450 0.630
0.390 0.450 0.613
0.410 0.450 0.596
0.430 0.450 0.580
0.450 0.450 0.564
0.470 0.450 0.547
0.490 0.450 0.531
0.510 0.450 0.515
0.530 0.450 0.499
0.550 0.450 0.482
0.570 0.450 0.466
0.590 0.450 0.449
0.610 0.450 0.432
0.630 0.450 0.415
0.650 0.450 0.397
0.670 0.450 0.379
0.690 0.450 0.361
0.710 0.450 0.342
0.730 0.450 0.323
0.750 0.450 0.303
0.770 0.450 0.282
0.790 0.450 0.261
0.810 0.450 0.240
0.830 0.450 0.218
0.850 0.450 0.195
0.870 0.450 0.172
0.890 0.450 0.149
0.910 0.450 0.125
0.930 0.450 0.100
0.950 0.450 0.075
0.970 0.450 0.050
0.990 0.450 0.025
1.000 0.450 0.000
0.000 0.470 1.000
0.010 0.470 0.977
0.030 0.470 0.955
0.050 0.470 0.933
0.070 0.470 0.910
0.090 0.470 0.888
0.110 0.470 0.867
0.130 0.470 0.845
0.150 0.470 0.824
0.170 0.470 0.803
0.190 0.470 0.782
0.210 0.470 0.762
0.230 0.470 0.743
0.250 0.470 0.723
0.270 0.470 0.704
0.290 0.470 0.686
0.310 0.470 0.667
0.330 0.470 0.649
0.350 0.470 0.632
0.370 0.470 0.614
0.390 0.470 0.597
0.410 0.470 0.581
0.430 0.470 0.564
0.450 0.470 0.547
0.470 0.470 0.531
0.490 0.470 0.515
0.510 0.470 0.498
0.530 0.470 0.482
0.550 0.470 0.466
0.570 0.470 0.449
0.590 0.470 0.432
0.610 0.470 0.416
0.630 0.470 0.399
0.650 0.470 0.381
0.670 0.470 0.363
0.690 0.470 0.345
0.710 0.470 0.327
0.730 0.470 0.308
0.750 0.470 0.289
0.770 0.470 0.269
0.790 0.470 0.249
0.810 0.470 0.228
0.830 0.470 0.207
0.850 0.470 0.185
0.870 0.470 0.163
0.890 0.470 0.141
0.910 0.470 0.118
0.930 0.470 0.095
0.950 0.470 0.071
0.970 0.470 0.048
0.990 0.470 0.024
1.000 0.470 0.000
0.000 0.490 1.000
0.010 0.490 0.976
0.030 0.490 0.953
0.050 0.490 0.929
0.070 0.490 0.906
0.090 0.490 0.883
0.110 0.490 0.860
0.130 0.490 0.837
0.150 0.490 0.815
0.170 0.490 0.794
0.190 0.490 0.772
0.210 0.490 0.751
0.230 0.490 0.731
0.250 0.490 0.711
0.270 0.490 0.691
0.290 0.490 0.672
0.310 0.490 0.653
0.330 0.490 0.635
0.350 0.490 0.617
0.370 0.490 0.599
0.390 0.490 0.582
0.410 0.490 0.565
0.430 0.490 0.548
0.450 0.490 0.531
0.470 0.490 0.515
0.490 0.490 0.498
0.510 0.490 0.482
0.530 0.490 0.466
0.550 0.490 0.449
0.570 0.490 0.433
0.590 0.490 0.416
0.610 0.490 0.400
0.630 0.490 0.383
0.650 0.490 0.366
0.670 0.490 0.348
0.690 0.490 0.331
0.710 0.490 0.313
0.730 0.490 0.294
0.750 0.490 0.276
0.770 0.490 0.257
0.790 0.490 0.237
0.810 0.490 0.217
0.830 0.490 0.197
0.850 0.490 0.176
0.870 0.490 0.155
0.890 0.490 0.134
0.910 0.490 0.112
0.930 0.490 0.090
0.950 0.490 0.068
0.970 0.490 0.045
0.990 0.490 0.023
1.000 0.490 0.000
0.000 0.510 1.000
0.010 0.510 0.975
0.030 0.510 0.950
0.050 0.510 0.926
0.070 0.510 0.901
0.090 0.510 0.877
0.110 0.510 0.853
0.130 0.510 0.830
0.150 0.510 0.807
0.170 0.510 0.784
0.190 0.510 0.762
0.210 0.510 0.740
0.230 0.510 0.719
0.250 0.510 0.698
0.270 0.510 0.678
0.290 0.510 0.658
0.310 0.510 0.639
0.330 0.510 0.620
0.350 0.510 0.602
0.370 0.510 0.584
0.390 0.510 0.566
0.410 0.510 0.549
0.430 0.510 0.532
0.450 0.510 0.515
0.470 0.510 0.498
0.490 0.510 0.482
0.510 0.510 0.465
0.530 0.510 0.449
0.550 0.510 0.433
0.570 0.510 0.417
0.590 0.510 0.400
0.610 0.510 0.384
0.630 0.510 0.367
0.650 0.510 0.351
0.670 0.510 0.334
0.690 0.510 0.316
0.710 0.510 0.299
0.730 0.510 0.281
0.750 0.510 0.263
0.770 0.510 0.245
0.790 0.510 0.226
0.810 0.510 0.207
0.830 0.510 0.187
0.850 0.510 0.167
0.870 0.510 0.147
0.890 0.510 0.127
0.910 0.510 0.106
0.930 0.510 0.085
0.950 0.510 0.064
0.970 0.510 0.043
0.990 0.510 0.021
1.000 0.510 0.000
0.000 0.530 1.000
0.010 0.530 0.974
0.030 0.530 0.948
0.050 0.530 0.922
0.070 0.530 0.896
0.090 0.530 0.871
0.110 0.530 0.846
0.130 0.530 0.821
0.150 0.530 0.797
0.170 0.530 0.774
0.190 0.530 0.751
0.210 0.530 0.728
0.230 0.530 0.706
0.250 0.530 0.685
0.270 0.530 0.664
0.290 0.530 0.644
0.310 0.530 0.624
0.330 0.530 0.605
0.350 0.530 0.586
0.370 0.530 0.568
0.390 0.530 0.550
0.410 0.530 0.533
0.430 0.530 0.516
0.450 0.530 0.499
0.470 0.530 0.482
0.490 0.530 0.466
0.510 0.530 0.449
0.530 0.530 0.433
0.550 0.530 0.417
0.570 0.530 0.401
0.590 0.530 0.385
0.610 0.530 0.368
0.630 0.530 0.352
0.650 0.530 0.336
0.670 0.530 0.319
0.690 0.530 0.302
0.710 0.530 0.286
0.730 0.530 0.268
0.750 0.530 0.251
0.770 0.530 0.233
0.790 0.530 0.215
0.810 0.530 0.197
0.830 0.530 0.178
0.850 0.530 0.159
0.870 0.530 0.140
0.890 0.530 0.120
0.910 0.530 0.101
0.930 0.530 0.081
0.950 0.530 0.061
0.970 0.530 0.041
0.990 0.530 0.020
1.000 0.530 0.000
0.000 0.550 1.000
0.010 0.550 0.973
0.030 0.550 0.945
0.050 0.550 0.918
0.070 0.550 0.891
0.090 0.550 0.865
0.110 0.550 0.838
0.130 0.550 0.813
0.150 0.550 0.788
0.170 0.550 0.763
0.190 0.550 0.739
0.210 0.550 0.716
0.230 0.550 0.694
0.250 0.550 0.672
0.270 0.550 0.650
0.290 0.550 0.629
0.310 0.550 0.609
0.330 0.550 0.590
0.350 0.550 0.571
0.370 0.550 0.552
0.390 0.550 0.534
0.410 0.550 0.516
0.430 0.550 0.499
0.450 0.550 0.482
0.470 0.550 0.466
0.490 0.550 0.449
0.510 0.550 0.433
0.530 0.550 0.417
0.550 0.550 0.401
0.570 0.550 0.385
0.590 0.550 0.369
0.610 0.550 0.353
0.630 0.550 0.337
0.650 0.550 0.321
0.670 0.550 0.305
0.690 0.550 0.289
0.710 0.550 0.272
0.730 0.550 0.256
0.750 0.550 0.239
0.770 0.550 0.222
0.790 0.550 0.204
0.810 0.550 0.187
0.830 0.550 0.169
0.850 0.550 0.151
0.870 0.550 0.133
0.890 0.550 0.114
0.910 0.550 0.095
0.930 0.550 0.077
0.950 0.550 0.058
0.970 0.550 0.038
0.990 0.550 0.019
1.000 0.550 0.000
0.000 0.570 1.000
0.010 0.570 0.971
0.030 0.570 0.942
0.050 0.570 0.914
0.070 0.570 0.886
0.090 0.570 0.858
0.110 0.570 0.831
0.130 0.570 0.804
0.150 0.570 0.778
0.170 0.570 0.752
0.190 0.570 0.727
0.210 0.570 0.703
0.230 0.570 0.680
0.250 0.570 0.657
0.270 0.570 0.636
0.290 0.570 0.614
0.310 0.570 0.594
0.330 0.570 0.574
0.350 0.570 0.555
0.370 0.570 0.536
0.390 0.570 0.518
0.410 0.570 0.500
0.430 0.570 0.483
0.450 0.570 0.466
0.470 0.570 0.449
0.490 0.570 0.433
0.510 0.570 0.417
0.530 0.570 0.401
0.550 0.570 0.385
0.570 0.570 0.369
0.590 0.570 0.354
0.610 0.570 0.338
0.630 0.570 0.323
0.650 0.570 0.307
0.670 0.570 0.291
0.690 0.570 0.276
0.710 0.570 0.260
0.730 0.570 0.244
0.750 0.570 0.227
0.770 0.570 0.211
0.790 0.570 0.194
0.810 0.570 0.177
0.830 0.570 0.160
0.850 0.570 0.143
0.870 0.570 0.126
0.890 0.570 0.108
0.910 0.570 0.090
0.930 0.570 0.073
0.950 0.570 0.055
0.970 0.570 0.036
0.990 0.570 0.018
1.000 0.570 0.000
0.000 0.590 1.000
0.010 0.590 0.970
0.030 0.590 0.939
0.050 0.590 0.909
0.070 0.590 0.880
0.090 0.590 0.851
0.110 0.590 0.822
0.130 0.590 0.794
0.150 0.590 0.767
0.170 0.590 0.740
0.190 0.590 0.715
0.210 0.590 0.690
0.230 0.590 0.666
0.250 0.590 0.643
0.270 0.590 0.620
0.290 0.590 0.599
0.310 0.590 0.578
0.330 0.590 0.558
0.350 0.590 0.538
0.370 0.590 0.519
0.390 0.590 0.501
0.410 0.590 0.483
0.430 0.590 0.466
0.450 0.590 0.449
0.470 0.590 0.432
0.490 0.590 0.416
0.510 0.590 0.400
0.530 0.590 0.385
0.550 0.590 0.369
0.570 0.590 0.354
0.590 0.590 0.339
0.610 0.590 0.323
0.630 0.590 0.308
0.650 0.590 0.293
0.670 0.590 0.278
0.690 0.590 0.263
0.710 0.590 0.247
0.730 0.590 0.232
0.750 0.590 0.216
0.770 0.590 0.200
0.790 0.590 0.184
0.810 0.590 0.168
0.830 0.590 0.152
0.850 0.590 0.136
0.870 0.590 0.119
0.890 0.590 0.102
0.910 0.590 0.086
0.930 0.590 0.069
0.950 0.590 0.052
0.970 0.590 0.034
0.990 0.590 0.017
1.000 0.590 0.000
0.000 0.610 1.000
0.010 0.610 0.968
0.030 0.610 0.936
0.050 0.610 0.905
0.070 0.610 0.873
0.090 0.610 0.843
0.110 0.610 0.813
0.130 0.610 0.784
0.150 0.610 0.755
0.170 0.610 0.728
0.190 0.610 0.701
0.210 0.610 0.676
0.230 0.610 0.651
0.250 0.610 0.627
0.270 0.610 0.605
0.290 0.610 0.582
0.310 0.610 0.561
0.330 0.610 0.541
0.350 0.610 0.521
0.370 0.610 0.502
0.390 0.610 0.484
0.410 0.610 0.466
0.430 0.610 0.449
0.450 0.610 0.432
0.470 0.610 0.416
0.490 0.610 0.400
0.510 0.610 0.384
0.530 0.610 0.368
0.550 0.610 0.353
0.570 0.610 0.338
0.590 0.610 0.323
0.610 0.610 0.309
0.630 0.610 0.294
0.650 0.610 0.279
0.670 0.610 0.264
0.690 0.610 0.250
0.710 0.610 0.235
0.730 0.610 0.220
0.750 0.610 0.205
0.770 0.610 0.190
0.790 0.610 0.175
0.810 0.610 0.159
0.830 0.610 0.144
0.850 0.610 0.128
0.870 0.610 0.113
0.890 0.610 0.097
0.910 0.610 0.081
0.930 0.610 0.065
0.950 0.610 0.049
0.970 0.610 0.033
0.990 0.610 0.016
1.000 0.610 0.000
0.000 0.630 1.000
0.010 0.630 0.966
0.030 0.630 0.933
0.050 0.630 0.899
0.070 0.630 0.867
0.090 0.630 0.835
0.110 0.630 0.803
0.130 0.630 0.773
0.150 0.630 0.743
0.170 0.630 0.715
0.190 0.630 0.687
0.210 0.630 0.661
0.230 0.630 0.636
0.250 0.630 0.611
0.270 0.630 0.588
0.290 0.630 0.565
0.310 0.630 0.544
0.330 0.630 0.523
0.350 0.630 0.504
0.370 0.630 0.485
0.390 0.630 0.466
0.410 0.630 0.448
0.430 0.630 0.431
0.450 0.630 0.415
0.470 0.630 0.399
0.490 0.630 0.383
0.510 0.630 0.367
0.530 0.630 0.352
0.550 0.630 0.337
0.570 0.630 0.323
0.590 0.630 0.308
0.610 0.630 0.294
0.630 0.630 0.280
0.650 0.630 0.265
0.670 0.630 0.251
0.690 0.630 0.237
0.710 0.630 0.223
0.730 0.630 0.209
0.750 0.630 0.194
0.770 0.630 0.180
0.790 0.630 0.165
0.810 0.630 0.151
0.830 0.630 0.136
0.850 0.630 0.121
0.870 0.630 0.106
0.890 0.630 0.091
0.910 0.630 0.076
0.930 0.630 0.061
0.950 0.630 0.046
0.970 0.630 0.031
0.990 0.630 0.015
1.000 0.630 0.000
0.000 0.650 1.000
0.010 0.650 0.964
0.030 0.650 0.929
0.050 0.650 0.894
0.070 0.650 0.859
0.090 0.650 0.825
0.110 0.650 0.793
0.130 0.650 0.761
0.150 0.650 0.730
0.170 0.650 0.701
0.190 0.650 0.672
0.210 0.650 0.645
0.230 0.650 0.619
0.250 0.650 0.594
0.270 0.650 0.570
0.290 0.650 0.548
0.310 0.650 0.526
0.330 0.650 0.505
0.350 0.650 0.485
0.370 0.650 0.466
0.390 0.650 0.448
0.410 0.650 0.431
0.430 0.650 0.414
0.450 0.650 0.397
0.470 0.650 0.381
0.490 0.650 0.366
0.510 0.650 0.351
0.530 0.650 0.336
0.550 0.650 0.321
0.570 0.650 0.307
0.590 0.650 0.293
0.610 0.650 0.279
0.630 0.650 0.265
0.650 0.650 0.252
0.670 0.650 0.238
0.690 0.650 0.224
0.710 0.650 0.211
0.730 0.650 0.197
0.750 0.650 0.184
0.770 0.650 0.170
0.790 0.650 0.156
0.810 0.650 0.142
0.830 0.650 0.128
0.850 0.650 0.114
0.870 0.650 0.100
0.890 0.650 0.086
0.910 0.650 0.072
0.930 0.650 0.058
0.950 0.650 0.043
0.970 0.650 0.029
0.990 0.650 0.014
1.000 0.650 0.000
0.000 0.670 1.000
0.010 0.670 0.962
0.030 0.670 0.925
0.050 0.670 0.887
0.070 0.670 0.851
0.090 0.670 0.815
0.110 0.670 0.781
0.130 0.670 0.748
0.150 0.670 0.716
0.170 0.670 0.685
0.190 0.670 0.656
0.210 0.670 0.628
0.230 0.670 0.601
0.250 0.670 0.576
0.270 0.670 0.552
0.290 0.670 0.529
0.310 0.670 0.507
0.330 0.670 0.486
0.350 0.670 0.467
0.370 0.670 0.448
0.390 0.670 0.429
0.410 0.670 0.412
0.430 0.670 0.395
0.450 0.670 0.379
0.470 0.670 0.363
0.490 0.670 0.348
0.510 0.670 0.334
0.530 0.670 0.319
0.550 0.670 0.305
0.570 0.670 0.291
0.590 0.670 0.278
0.610 0.670 0.264
0.630 0.670 0.251
0.650 0.670 0.238
0.670 0.670 0.225
0.690 0.670 0.212
0.710 0.670 0.199
0.730 0.670 0.186
0.750 0.670 0.173
0.770 0.670 0.160
0.790 0.670 0.147
0.810 0.670 0.134
0.830 0.670 0.121
0.850 0.670 0.108
0.870 0.670 0.094
0.890 0.670 0.081
0.910 0.670 0.068
0.930 0.670 0.054
0.950 0.670 0.041
0.970 0.670 0.027
0.990 0.670 0.014
1.000 0.670 0.000
0.000 0.690 1.000
0.010 0.690 0.960
0.030 0.690 0.920
0.050 0.690 0.880
0.070 0.690 0.842
0.090 0.690 0.804
0.110 0.690 0.768
0.130 0.690 0.734
0.150 0.690 0.700
0.170 0.690 0.668
0.190 0.690 0.638
0.210 0.690 0.610
0.230 0.690 0.582
0.250 0.690 0.557
0.270 0.690 0.532
0.290 0.690 0.509
0.310 0.690 0.487
0.330 0.690 0.467
0.350 0.690 0.447
0.370 0.690 0.428
0.390 0.690 0.410
0.410 0.690 0.393
0.430 0.690 0.377
0.450 0.690 0.361
0.470 0.690 0.345
0.490 0.690 0.331
0.510 0.690 0.316
0.530 0.690 0.302
0.550 0.690 0.289
0.570 0.690 0.276
0.590 0.690 0.263
0.610 0.690 0.250
0.630 0.690 0.237
0.650 0.690 0.224
0.670 0.690 0.212
0.690 0.690 0.200
0.710 0.690 0.187
0.730 0.690 0.175
0.750 0.690 0.163
0.770 0.690 0.150
0.790 0.690 0.138
0.810 0.690 0.126
0.830 0.690 0.113
0.850 0.690 0.101
0.870 0.690 0.088
0.890 0.690 0.076
0.910 0.690 0.063
0.930 0.690 0.051
0.950 0.690 0.038
0.970 0.690 0.025
0.990 0.690 0.013
1.000 0.690 0.000
0.000 0.710 1.000
0.010 0.710 0.957
0.030 0.710 0.914
0.050 0.710 0.873
0.070 0.710 0.832
0.090 0.710 0.792
0.110 0.710 0.754
0.130 0.710 0.718
0.150 0.710 0.683
0.170 0.710 0.650
0.190 0.710 0.619
0.210 0.710 0.590
0.230 0.710 0.562
0.250 0.710 0.536
0.270 0.710 0.512
0.290 0.710 0.488
0.310 0.710 0.467
0.330 0.710 0.446
0.350 0.710 0.426
0.370 0.710 0.408
0.390 0.710 0.390
0.410 0.710 0.373
0.430 0.710 0.357
0.450 0.710 0.342
0.470 0.710 0.327
0.490 0.710 0.313
0.510 0.710 0.299
0.530 0.710 0.286
0.550 0.710 0.272
0.570 0.710 0.260
0.590 0.710 0.247
0.610 0.710 0.235
0.630 0.710 0.223
0.650 0.710 0.211
0.670 0.710 0.199
0.690 0.710 0.187
0.710 0.710 0.176
0.730 0.710 0.164
0.750 0.710 0.152
0.770 0.710 0.141
0.790 0.710 0.129
0.810 0.710 0.118
0.830 0.710 0.106
0.850 0.710 0.094
0.870 0.710 0.083
0.890 0.710 0.071
0.910 0.710 0.059
0.930 0.710 0.047
0.950 0.710 0.036
0.970 0.710 0.024
0.990 0.710 0.012
1.000 0.710 0.000
0.000 0.730 1.000
0.010 0.730 0.954
0.030 0.730 0.908
0.050 0.730 0.864
0.070 0.730 0.820
0.090 0.730 0.779
0.110 0.730 0.739
0.130 0.730 0.700
0.150 0.730 0.664
0.170 0.730 0.630
0.190 0.730 0.599
0.210 0.730 0.569
0.230 0.730 0.541
0.250 0.730 0.514
0.270 0.730 0.490
0.290 0.730 0.466
0.310 0.730 0.445
0.330 0.730 0.424
0.350 0.730 0.405
0.370 0.730 0.387
0.390 0.730 0.369
0.410 0.730 0.353
0.430 0.730 0.337
0.450 0.730 0.323
0.470 0.730 0.308
0.490 0.730 0.294
0.510 0.730 0.281
0.530 0.730 0.268
0.550 0.730 0.256
0.570 0.730 0.244
0.590 0.730 0.232
0.610 0.730 0.220
0.630 0.730 0.209
0.650 0.730 0.197
0.670 0.730 0.186
0.690 0.730 0.175
0.710 0.730 0.164
0.730 0.730 0.153
0.750 0.730 0.142
0.770 0.730 0.131
0.790 0.730 0.120
0.810 0.730 0.110
0.830 0.730 0.099
0.850 0.730 0.088
0.870 0.730 0.077
0.890 0.730 0.066
0.910 0.730 0.055
0.930 0.730 0.044
0.950 0.730 0.033
0.970 0.730 0.022
0.990 0.730 0.011
1.000 0.730 0.000
0.000 0.750 1.000
0.010 0.750 0.950
0.030 0.750 0.902
0.050 0.750 0.854
0.070 0.750 0.807
0.090 0.750 0.763
0.110 0.750 0.721
0.130 0.750 0.681
0.150 0.750 0.644
0.170 0.750 0.609
0.190 0.750 0.576
0.210 0.750 0.545
0.230 0.750 0.517
0.250 0.750 0.491
0.270 0.750 0.466
0.290 0.750 0.443
0.310 0.750 0.422
0.330 0.750 0.401
0.350 0.750 0.383
0.370 0.750 0.365
0.390 0.750 0.348
0.410 0.750 0.332
0.430 0.750 0.317
0.450 0.750 0.303
0.470 0.750 0.289
0.490 0.750 0.276
0.510 0.750 0.263
0.530 0.750 0.251
0.550 0.750 0.239
0.570 0.750 0.227
0.590 0.750 0.216
0.610 0.750 0.205
0.630 0.750 0.194
0.650 0.750 0.184
0.670 0.750 0.173
0.690 0.750 0.163
0.710 0.750 0.152
0.730 0.750 0.142
0.750 0.750 0.132
0.770 0.750 0.122
0.790 0.750 0.112
0.810 0.750 0.102
0.830 0.750 0.091
0.850 0.750 0.081
0.870 0.750 0.071
0.890 0.750 0.061
0.910 0.750 0.051
0.930 0.750 0.041
0.950 0.750 0.031
0.970 0.750 0.020
0.990 0.750 0.010
1.000 0.750 0.000
0.000 0.770 1.000
0.010 0.770 0.946
0.030 0.770 0.894
0.050 0.770 0.842
0.070 0.770 0.793
0.090 0.770 0.745
0.110 0.770 0.701
0.130 0.770 0.659
0.150 0.770 0.621
0.170 0.770 0.585
0.190 0.770 0.551
0.210 0.770 0.520
0.230 0.770 0.492
0.250 0.770 0.465
0.270 0.770 0.441
0.290 0.770 0.418
0.310 0.770 0.397
0.330 0.770 0.377
0.350 0.770 0.359
0.370 0.770 0.342
0.390 0.770 0.326
0.410 0.770 0.310
0.430 0.770 0.296
0.450 0.770 0.282
0.470 0.770 0.269
0.490 0.770 0.257
0.510 0.770 0.245
0.530 0.770 0.233
0.550 0.770 0.222
0.570 0.770 0.211
0.590 0.770 0.200
0.610 0.770 0.190
0.630 0.770 0.180
0.650 0.770 0.170
0.670 0.770 0.160
0.690 0.770 0.150
0.710 0.770 0.141
0.730 0.770 0.131
0.750 0.770 0.122
0.770 0.770 0.112
0.790 0.770 0.103
0.810 0.770 0.094
0.830 0.770 0.084
0.850 0.770 0.075
0.870 0.770 0.066
0.890 0.770 0.056
0.910 0.770 0.047
0.930 0.770 0.038
0.950 0.770 0.028
0.970 0.770 0.019
0.990 0.770 0.009
1.000 0.770 0.000
0.000 0.790 1.000
0.010 0.790 0.942
0.030 0.790 0.884
0.050 0.790 0.828
0.070 0.790 0.775
0.090 0.790 0.725
0.110 0.790 0.678
0.130 0.790 0.635
0.150 0.790 0.595
0.170 0.790 0.558
0.190 0.790 0.524
0.210 0.790 0.493
0.230 0.790 0.464
0.250 0.790 0.438
0.270 0.790 0.414
0.290 0.790 0.392
0.310 0.790 0.371
0.330 0.790 0.352
0.350 0.790 0.335
0.370 0.790 0.318
0.390 0.790 0.303
0.410 0.790 0.288
0.430 0.790 0.274
0.450 0.790 0.261
0.470 0.790 0.249
0.490 0.790 0.237
0.510 0.790 0.226
0.530 0.790 0.215
0.550 0.790 0.204
0.570 0.790 0.194
0.590 0.790 0.184
0.610 0.790 0.175
0.630 0.790 0.165
0.650 0.790 0.156
0.670 0.790 0.147
0.690 0.790 0.138
0.710 0.790 0.129
0.730 0.790 0.120
0.750 0.790 0.112
0.770 0.790 0.103
0.790 0.790 0.094
0.810 0.790 0.086
0.830 0.790 0.077
0.850 0.790 0.069
0.870 0.790 0.060
0.890 0.790 0.051
0.910 0.790 0.043
0.930 0.790 0.034
0.950 0.790 0.026
0.970 0.790 0.017
0.990 0.790 0.009
1.000 0.790 0.000
0.000 0.810 1.000
0.010 0.810 0.936
0.030 0.810 0.873
0.050 0.810 0.812
0.070 0.810 0.755
0.090 0.810 0.702
0.110 0.810 0.652
0.130 0.810 0.607
0.150 0.810 0.566
0.170 0.810 0.528
0.190 0.810 0.494
0.210 0.810 0.463
0.230 0.810 0.435
0.250 0.810 0.409
0.270 0.810 0.386
0.290 0.810 0.364
0.310 0.810 0.344
0.330 0.810 0.326
0.350 0.810 0.309
0.370 0.810 0.293
0.390 0.810 0.279
0.410 0.810 0.265
0.430 0.810 0.252
0.450 0.810 0.240
0.470 0.810 0.228
0.490 0.810 0.217
0.510 0.810 0.207
0.530 0.810 0.197
0.550 0.810 0.187
0.570 0.810 0.177
0.590 0.810 0.168
0.610 0.810 0.159
0.630 0.810 0.151
0.650 0.810 0.142
0.670 0.810 0.134
0.690 0.810 0.126
0.710 0.810 0.118
0.730 0.810 0.110
0.750 0.810 0.102
0.770 0.810 0.094
0.790 0.810 0.086
0.810 0.810 0.078
0.830 0.810 0.070
0.850 0.810 0.062
0.870 0.810 0.055
0.890 0.810 0.047
0.910 0.810 0.039
0.930 0.810 0.031
0.950 0.810 0.023
0.970 0.810 0.016
0.990 0.810 0.008
1.000 0.810 0.000
0.000 0.830 1.000
0.010 0.830 0.929
0.030 0.830 0.859
0.050 0.830 0.793
0.070 0.830 0.731
0.090 0.830 0.674
0.110 0.830 0.622
0.130 0.830 0.575
0.150 0.830 0.533
0.170 0.830 0.495
0.190 0.830 0.461
0.210 0.830 0.430
0.230 0.830 0.403
0.250 0.830 0.378
0.270 0.830 0.355
0.290 0.830 0.334
0.310 0.830 0.316
0.330 0.830 0.298
0.350 0.830 0.282
0.370 0.830 0.268
0.390 0.830 0.254
0.410 0.830 0.241
0.430 0.830 0.229
0.450 0.830 0.218
0.470 0.830 0.207
0.490 0.830 0.197
0.510 0.830 0.187
0.530 0.830 0.178
0.550 0.830 0.169
0.570 0.830 0.160
0.590 0.830 0.152
0.610 0.830 0.144
0.630 0.830 0.136
0.650 0.830 0.128
0.670 0.830 0.121
0.690 0.830 0.113
0.710 0.830 0.106
0.730 0.830 0.099
0.750 0.830 0.091
0.770 0.830 0.084
0.790 0.830 0.077
0.810 0.830 0.070
0.830 0.830 0.063
0.850 0.830 0.056
0.870 0.830 0.049
0.890 0.830 0.042
0.910 0.830 0.035
0.930 0.830 0.028
0.950 0.830 0.021
0.970 0.830 0.014
0.990 0.830 0.007
1.000 0.830 0.000
0.000 0.850 1.000
0.010 0.850 0.920
0.030 0.850 0.842
0.050 0.850 0.769
0.070 0.850 0.702
0.090 0.850 0.641
0.110 0.850 0.587
0.130 0.850 0.539
0.150 0.850 0.496
0.170 0.850 0.458
0.190 0.850 0.424
0.210 0.850 0.395
0.230 0.850 0.368
0.250 0.850 0.344
0.270 0.850 0.323
0.290 0.850 0.303
0.310 0.850 0.285
0.330 0.850 0.269
0.350 0.850 0.255
0.370 0.850 0.241
0.390 0.850 0.228
0.410 0.850 0.217
0.430 0.850 0.206
0.450 0.850 0.195
0.470 0.850 0.185
0.490 0.850 0.176
0.510 0.850 0.167
0.530 0.850 0.159
0.550 0.850 0.151
0.570 0.850 0.143
0.590 0.850 0.136
0.610 0.850 0.128
0.630 0.850 0.121
0.650 0.850 0.114
0.670 0.850 0.108
0.690 0.850 0.101
0.710 0.850 0.094
0.730 0.850 0.088
0.750 0.850 0.081
0.770 0.850 0.075
0.790 0.850 0.069
0.810 0.850 0.062
0.830 0.850 0.056
0.850 0.850 0.050
0.870 0.850 0.044
0.890 0.850 0.037
0.910 0.850 0.031
0.930 0.850 0.025
0.950 0.850 0.019
0.970 0.850 0.012
0.990 0.850 0.006
1.000 0.850 0.000
0.000 0.870 1.000
0.010 0.870 0.909
0.030 0.870 0.821
0.050 0.870 0.740
0.070 0.870 0.667
0.090 0.870 0.603
0.110 0.870 0.546
0.130 0.870 0.497
0.150 0.870 0.454
0.170 0.870 0.417
0.190 0.870 0.384
0.210 0.870 0.356
0.230 0.870 0.330
0.250 0.870 0.308
0.270 0.870 0.288
0.290 0.870 0.270
0.310 0.870 0.254
0.330 0.870 0.239
0.350 0.870 0.226
0.370 0.870 0.213
0.390 0.870 0.202
0.410 0.870 0.191
0.430 0.870 0.181
0.450 0.870 0.172
0.470 0.870 0.163
0.490 0.870 0.155
0.510 0.870 0.147
0.530 0.870 0.140
0.550 0.870 0.133
0.570 0.870 0.126
0.590 0.870 0.119
0.610 0.870 0.113
0.630 0.870 0.106
0.650 0.870 0.100
0.670 0.870 0.094
0.690 0.870 0.088
0.710 0.870 0.083
0.730 0.870 0.077
0.750 0.870 0.071
0.770 0.870 0.066
0.790 0.870 0.060
0.810 0.870 0.055
0.830 0.870 0.049
0.850 0.870 0.044
0.870 0.870 0.038
0.890 0.870 0.033
0.910 0.870 0.027
0.930 0.870 0.022
0.950 0.870 0.016
0.970 0.870 0.011
0.990 0.870 0.005
1.000 0.870 0.000
0.000 0.890 1.000
0.010 0.890 0.894
0.030 0.890 0.793
0.050 0.890 0.703
0.070 0.890 0.623
0.090 0.890 0.555
0.110 0.890 0.498
0.130 0.890 0.449
0.150 0.890 0.407
0.170 0.890 0.371
0.190 0.890 0.340
0.210 0.890 0.313
0.230 0.890 0.290
0.250 0.890 0.270
0.270 0.890 0.252
0.290 0.890 0.235
0.310 0.890 0.221
0.330 0.890 0.208
0.350 0.890 0.196
0.370 0.890 0.185
0.390 0.890 0.175
0.410 0.890 0.165
0.430 0.890 0.157
0.450 0.890 0.149
0.470 0.890 0.141
0.490 0.890 0.134
0.510 0.890 0.127
0.530 0.890 0.120
0.550 0.890 0.114
0.570 0.890 0.108
0.590 0.890 0.102
0.610 0.890 0.097
0.630 0.890 0.091
0.650 0.890 0.086
0.670 0.890 0.081
0.690 0.890 0.076
0.710 0.890 0.071
0.730 0.890 0.066
0.750 0.890 0.061
0.770 0.890 0.056
0.790 0.890 0.051
0.810 0.890 0.047
0.830 0.890 0.042
0.850 0.890 0.037
0.870 0.890 0.033
0.890 0.890 0.028
0.910 0.890 0.023
0.930 0.890 0.019
0.950 0.890 0.014
0.970 0.890 0.009
0.990 0.890 0.005
1.000 0.890 0.000
0.000 0.910 1.000
0.010 0.910 0.873
0.030 0.910 0.755
0.050 0.910 0.654
0.070 0.910 0.569
0.090 0.910 0.498
0.110 0.910 0.441
0.130 0.910 0.393
0.150 0.910 0.353
0.170 0.910 0.320
0.190 0.910 0.292
0.210 0.910 0.268
0.230 0.910 0.247
0.250 0.910 0.229
0.270 0.910 0.213
0.290 0.910 0.199
0.310 0.910 0.186
0.330 0.910 0.175
0.350 0.910 0.165
0.370 0.910 0.155
0.390 0.910 0.147
0.410 0.910 0.139
0.430 0.910 0.131
0.450 0.910 0.125
0.470 0.910 0.118
0.490 0.910 0.112
0.510 0.910 0.106
0.530 0.910 0.101
0.550 0.910 0.095
0.570 0.910 0.090
0.590 0.910 0.086
0.610 0.910 0.081
0.630 0.910 0.076
0.650 0.910 0.072
0.670 0.910 0.068
0.690 0.910 0.063
0.710 0.910 0.059
0.730 0.910 0.055
0.750 0.910 0.051
0.770 0.910 0.047
0.790 0.910 0.043
0.810 0.910 0.039
0.830 0.910 0.035
0.850 0.910 0.031
0.870 0.910 0.027
0.890 0.910 0.023
0.910 0.910 0.019
0.930 0.910 0.015
0.950 0.910 0.012
0.970 0.910 0.008
0.990 0.910 0.004
1.000 0.910 0.000
0.000 0.930 1.000
0.010 0.930 0.841
0.030 0.930 0.702
0.050 0.930 0.589
0.070 0.930 0.499
0.090 0.930 0.429
0.110 0.930 0.373
0.130 0.930 0.329
0.150 0.930 0.294
0.170 0.930 0.264
0.190 0.930 0.240
0.210 0.930 0.219
0.230 0.930 0.201
0.250 0.930 0.186
0.270 0.930 0.173
0.290 0.930 0.161
0.310 0.930 0.151
0.330 0.930 0.141
0.350 0.930 0.133
0.370 0.930 0.125
0.390 0.930 0.118
0.410 0.930 0.112
0.430 0.930 0.106
0.450 0.930 0.100
0.470 0.930 0.095
0.490 0.930 0.090
0.510 0.930 0.085
0.530 0.930 0.081
0.550 0.930 0.077
0.570 0.930 0.073
0.590 0.930 0.069
0.610 0.930 0.065
0.630 0.930 0.061
0.650 0.930 0.058
0.670 0.930 0.054
0.690 0.930 0.051
0.710 0.930 0.047
0.730 0.930 0.044
0.750 0.930 0.041
0.770 0.930 0.038
0.790 0.930 0.034
0.810 0.930 0.031
0.830 0.930 0.028
0.850 0.930 0.025
0.870 0.930 0.022
0.890 0.930 0.019
0.910 0.930 0.015
0.930 0.930 0.012
0.950 0.930 0.009
0.970 0.930 0.006
0.990 0.930 0.003
1.000 0.930 0.000
0.000 0.950 1.000
0.010 0.950 0.790
0.030 0.950 0.623
0.050 0.950 0.499
0.070 0.950 0.410
0.090 0.950 0.344
0.110 0.950 0.295
0.130 0.950 0.257
0.150 0.950 0.227
0.170 0.950 0.203
0.190 0.950 0.184
0.210 0.950 0.167
0.230 0.950 0.153
0.250 0.950 0.142
0.270 0.950 0.131
0.290 0.950 0.122
0.310 0.950 0.114
0.330 0.950 0.107
0.350 0.950 0.100
0.370 0.950 0.094
0.390 0.950 0.089
0.410 0.950 0.084
0.430 0.950 0.080
0.450 0.950 0.075
0.470 0.950 0.071
0.490 0.950 0.068
0.510 0.950 0.064
0.530 0.950 0.061
0.550 0.950 0.058
0.570 0.950 0.055
0.590 0.950 0.052
0.610 0.950 0.049
0.630 0.950 0.046
0.650 0.950 0.043
0.670 0.950 0.041
0.690 0.950 0.038
0.710 0.950 0.036
0.730 0.950 0.033
0.750 0.950 0.031
0.770 0.950 0.028
0.790 0.950 0.026
0.810 0.950 0.023
0.830 0.950 0.021
0.850 0.950 0.019
0.870 0.950 0.016
0.890 0.950 0.014
0.910 0.950 0.012
0.930 0.950 0.009
0.950 0.950 0.007
0.970 0.950 0.005
0.990 0.950 0.002
1.000 0.950 0.000
0.000 0.970 1.000
0.010 0.970 0.698
0.030 0.970 0.500
0.050 0.970 0.376
0.070 0.970 0.297
0.090 0.970 0.243
0.110 0.970 0.205
0.130 0.970 0.177
0.150 0.970 0.155
0.170 0.970 0.138
0.190 0.970 0.125
0.210 0.970 0.113
0.230 0.970 0.103
0.250 0.970 0.095
0.270 0.970 0.088
0.290 0.970 0.082
0.310 0.970 0.077
0.330 0.970 0.072
0.350 0.970 0.067
0.370 0.970 0.063
0.390 0.970 0.060
0.410 0.970 0.056
0.430 0.970 0.053
0.450 0.970 0.050
0.470 0.970 0.048
0.490 0.970 0.045
0.510 0.970 0.043
0.530 0.970 0.041
0.550 0.970 0.038
0.570 0.970 0.036
0.590 0.970 0.034
0.610 0.970 0.033
0.630 0.970 0.031
0.650 0.970 0.029
0.670 0.970 0.027
0.690 0.970 0.025
0.710 0.970 0.024
0.730 0.970 0.022
0.750 0.970 0.020
0.770 0.970 0.019
0.790 0.970 0.017
0.810 0.970 0.016
0.830 0.970 0.014
0.850 0.970 0.012
0.870 0.970 0.011
0.890 0.970 0.009
0.910 0.970 0.008
0.930 0.970 0.006
0.950 0.970 0.005
0.970 0.970 0.003
0.990 0.970 0.002
1.000 0.970 0.000
0.000 0.990 1.000
0.010 0.990 0.500
0.030 0.990 0.302
0.050 0.990 0.209
0.070 0.990 0.158
0.090 0.990 0.127
0.110 0.990 0.106
0.130 0.990 0.090
0.150 0.990 0.079
0.170 0.990 0.070
0.190 0.990 0.063
0.210 0.990 0.057
0.230 0.990 0.052
0.250 0.990 0.048
0.270 0.990 0.044
0.290 0.990 0.041
0.310 0.990 0.038
0.330 0.990 0.036
0.350 0.990 0.034
0.370 0.990 0.032
0.390 0.990 0.030
0.410 0.990 0.028
0.430 0.990 0.027
0.450 0.990 0.025
0.470 0.990 0.024
0.490 0.990 0.023
0.510 0.990 0.021
0.530 0.990 0.020
0.550 0.990 0.019
0.570 0.990 0.018
0.590 0.990 0.017
0.610 0.990 0.016
0.630 0.990 0.015
0.650 0.990 0.014
0.670 0.990 0.014
0.690 0.990 0.013
0.710 0.990 0.012
0.730 0.990 0.011
0.750 0.990 0.010
0.770 0.990 0.009
0.790 0.990 0.009
0.810 0.990 0.008
0.830 0.990 0.007
0.850 0.990 0.006
0.870 0.990 0.005
0.890 0.990 0.005
0.910 0.990 0.004
0.930 0.990 0.003
0.950 0.990 0.002
0.970 0.990 0.002
0.990 0.990 0.001
1.000 0.990 0.000
0.000 1.000 1.000
0.010 1.000 0.000
0.030 1.000 0.000
0.050 1.000 0.000
0.070 1.000 0.000
0.090 1.000 0.000
0.110 1.000 0.000
0.130 1.000 0.000
0.150 1.000 0.000
0.170 1.000 0.000
0.190 1.000 0.000
0.210 1.000 0.000
0.230 1.000 0.000
0.250 1.000 0.000
0.270 1.000 0.000
0.290 1.000 0.000
0.310 1.000 0.000
0.330 1.000 0.000
0.350 1.000 0.000
0.370 1.000 0.000
0.390 1.000 0.000
0.410 1.000 0.000
0.430 1.000 0.000
0.450 1.000 0.000
0.470 1.000 0.000
0.490 1.000 0.000
0.510 1.000 0.000
0.530 1.000 0.000
0.550 1.000 0.000
0.570 1.000 0.000
0.590 1.000 0.000
0.610 1.000 0.000
0.630 1.000 0.000
0.650 1.000 0.000
0.670 1.000 0.000
0.690 1.000 0.000
0.710 1.000 0.000
0.730 1.000 0.000
0.750 1.000 0.000
0.770 1.000 0.000
0.790 1.000 0.000
0.810 1.000 0.000
0.830 1.000 0.000
0.850 1.000 0.000
0.870 1.000 0.000
0.890 1.000 0.000
0.910 1.000 0.000
0.930 1.000 0.000
0.950 1.000 0.000
0.970 1.000 0.000
0.990 1.000 0.000
1.000 1.000 0.000
